77.3 83.3 87.3 0 0 1
65 65 66.25 0 0 1
72.3 78.3 82.3 0 0 1
65.3 75.3 9999 0 0 0
77.3 87.3 9999 0 0 0
68.3 69.55 74.3 0 0 1
72.3 73.55 9999 0 0 0
65.3 71.3 75.3 0 0 1
72.3 78.3 82.3 0 0 1
68.3 68.3 69.55 0 0 1
72.3 73.55 78.3 0 0 1
68.3 69.55 74.3 0 0 1
77.3 83.3 87.3 0 0 1
77.3 87.3 9999 0 0 0
65.3 75.3 9999 0 0 0
68.3 69.55 74.3 0 0 1
68.3 69.55 74.3 0 0 1
77.3 78.55 83.3 0 0 1
65.3 75.3 9999 0 0 0
65.3 75.3 9999 0 0 0
77.3 83.3 87.3 0 0 1
68.3 78.3 9999 0 0 0
72.3 82.3 9999 0 0 0
77.3 78.55 83.3 0 0 1
65.3 75.3 9999 0 0 0
72.3 73.55 9999 0 0 0
77.9 77.9 79.15 0 0 1
65.3 75.3 9999 0 0 0
65.3 66.55 71.3 0 0 1
72.3 78.3 82.3 0 0 1
77.9 77.9 79.15 0 0 1
65.3 75.3 9999 0 0 0
72.3 82.3 9999 0 0 0
68.3 78.3 9999 0 0 0
72.3 73.55 78.3 0 0 1
78.3 88.3 9999 0 0 0
68.3 78.3 9999 0 0 0
72.3 73.55 9999 0 0 0
65.3 71.3 75.3 0 0 1
72.3 78.3 82.3 0 0 1
78.3 84.3 88.3 0 0 1
68.3 78.3 9999 0 0 0
78.3 79.55 9999 0 0 0
72.3 82.3 9999 0 0 0
78.3 88.3 9999 0 0 0
65.3 71.3 9999 0 0 0
68.3 69.55 74.3 0 0 1
65.3 66.55 71.3 0 0 1
72.3 73.55 78.3 0 0 1
65.3 66.55 9999 0 0 0
68.3 69.55 74.3 0 0 1
78.3 79.55 84.3 0 0 1
65.3 75.3 9999 0 0 0
65.3 75.3 9999 0 0 0
65.3 66.55 71.3 0 0 1
72.3 73.55 78.3 0 0 1
78.3 84.3 88.3 0 0 1
72.3 78.3 9999 0 0 0
78.3 79.55 84.3 0 0 1
68.3 78.3 9999 0 0 0
78.3 78.3 79.55 0 0 1
65.3 75.3 9999 0 0 0
68.3 78.3 9999 0 0 0
65.3 75.3 9999 0 0 0
72.3 73.55 78.3 0 0 1
78.3 88.3 9999 0 0 0
65.3 71.3 9999 0 0 0
72.3 82.3 9999 0 0 0
65.3 75.3 9999 0 0 0
65.3 66.55 75.3 0 0 1
65.3 66.55 71.3 0 0 1
65.3 71.3 75.3 0 0 1
68.3 78.3 9999 0 0 0
78.3 84.3 88.3 0 0 1
68.3 69.55 9999 0 0 0
68.3 69.55 74.3 0 0 1
78.3 79.55 84.3 0 0 1
68.3 69.55 9999 0 0 0
72.9 72.9 74.15 0 0 1
65.3 75.3 9999 0 0 0
68.9 68.9 70.15 0 0 1
78.3 79.55 84.3 0 0 1
73.3 83.3 9999 0 0 0
65.3 66.55 71.3 0 0 1
68.9 68.9 70.15 0 0 1
78.3 79.55 84.3 0 0 1
65.3 75.3 9999 0 0 0
65.3 71.3 9999 0 0 0
78.3 88.3 9999 0 0 0
65.3 66.55 71.3 0 0 1
65.3 66.55 71.3 0 0 1
65.3 75.3 9999 0 0 0
69.3 79.3 9999 0 0 0
65.3 66.55 71.3 0 0 1
69.3 70.55 79.3 0 0 1
73.3 83.3 9999 0 0 0
78.3 88.3 9999 0 0 0
69.3 70.55 75.3 0 0 1
69.3 75.3 79.3 0 0 1
73.3 74.55 9999 0 0 0
78.9 78.9 80.15 0 0 1
65.3 75.3 9999 0 0 0
69.3 79.3 9999 0 0 0
79.3 80.55 9999 0 0 0
65.3 75.3 9999 0 0 0
79.3 85.3 89.3 0 0 1
69.3 70.55 75.3 0 0 1
79.3 85.3 89.3 0 0 1
65.3 75.3 9999 0 0 0
73.3 74.55 79.3 0 0 1
79.3 80.55 9999 0 0 0
69.3 79.3 9999 0 0 0
73.3 74.55 83.3 0 0 1
69.3 70.55 75.3 0 0 1
79.3 89.3 9999 0 0 0
79.3 80.55 85.3 0 0 1
65.3 66.55 71.3 0 0 1
79.3 85.3 89.3 0 0 1
79.3 85.3 89.3 0 0 1
69.3 70.55 9999 0 0 0
73.3 74.55 79.3 0 0 1
65.3 66.55 9999 0 0 0
69.3 79.3 9999 0 0 0
73.3 79.3 83.3 0 0 1
79.3 89.3 9999 0 0 0
73.3 74.55 79.3 0 0 1
69.3 79.3 9999 0 0 0
65.3 75.3 9999 0 0 0
69.3 79.3 9999 0 0 0
73.3 83.3 9999 0 0 0
79.3 85.3 89.3 0 0 1
69.3 75.3 79.3 0 0 1
73.3 79.3 83.3 0 0 1
79.3 80.55 85.3 0 0 1
65.3 71.3 75.3 0 0 1
79.3 89.3 9999 0 0 0
79.3 80.55 85.3 0 0 1
65.9 65.9 67.15 0 0 1
73.3 74.55 79.3 0 0 1
65.9 65.9 67.15 0 0 1
65.9 65.9 67.15 0 0 1
73.3 83.3 9999 0 0 0
80.3 81.55 86.3 0 0 1
80.3 81.55 86.3 0 0 1
73.3 74.55 9999 0 0 0
66.3 72.3 9999 0 0 0
69.3 75.3 79.3 0 0 1
80.3 86.3 90.3 0 0 1
80.3 81.55 86.3 0 0 1
73.3 83.3 9999 0 0 0
73.3 73.3 74.55 0 0 1
66.3 67.55 72.3 0 0 1
69.3 79.3 9999 0 0 0
80.3 81.55 90.3 0 0 1
80.3 81.55 90.3 0 0 1
66.3 67.55 72.3 0 0 1
69.3 70.55 75.3 0 0 1
73.3 83.3 9999 0 0 0
80.3 81.55 86.3 0 0 1
69.3 75.3 79.3 0 0 1
69.3 79.3 9999 0 0 0
66.3 76.3 9999 0 0 0
69.3 79.3 9999 0 0 0
73.9 73.9 75.15 0 0 1
73.9 73.9 75.15 0 0 1
69.3 79.3 9999 0 0 0
66.3 72.3 9999 0 0 0
74.3 75.55 80.3 0 0 1
80.3 90.3 9999 0 0 0
66.3 72.3 76.3 0 0 1
66.3 76.3 9999 0 0 0
74.3 75.55 80.3 0 0 1
69.3 79.3 9999 0 0 0
81.3 82.55 87.3 0 0 1
69.3 79.3 9999 0 0 0
81.3 82.55 87.3 0 0 1
69.3 70.55 75.3 0 0 1
74.3 75.55 80.3 0 0 1
66.3 67.55 72.3 0 0 1
66.3 72.3 76.3 0 0 1
74.3 84.3 9999 0 0 0
66.3 76.3 9999 0 0 0
74.3 75.55 9999 0 0 0
66.3 76.3 9999 0 0 0
81.3 82.55 87.3 0 0 1
66.3 67.55 72.3 0 0 1
66.3 76.3 9999 0 0 0
74.3 75.55 80.3 0 0 1
74.3 80.3 9999 0 0 0
81.3 82.55 87.3 0 0 1
74.3 75.55 80.3 0 0 1
74.3 74.3 75.55 0 0 1
81.3 82.55 87.3 0 0 1
66.3 67.55 72.3 0 0 1
70.3 80.3 9999 0 0 0
74.3 84.3 9999 0 0 0
66.3 76.3 9999 0 0 0
66.3 67.55 72.3 0 0 1
74.3 75.55 80.3 0 0 1
81.3 91.3 9999 0 0 0
81.3 87.3 91.3 0 0 1
70.3 71.55 80.3 0 0 1
81.3 91.3 9999 0 0 0
66.3 76.3 9999 0 0 0
70.3 71.55 76.3 0 0 1
81.9 81.9 83.15 0 0 1
70.3 80.3 9999 0 0 0
82.3 83.55 88.3 0 0 1
66.3 67.55 72.3 0 0 1
66.3 76.3 9999 0 0 0
70.3 80.3 9999 0 0 0
82.3 88.3 92.3 0 0 1
66.3 72.3 76.3 0 0 1
70.3 76.3 80.3 0 0 1
66.3 76.3 9999 0 0 0
66.3 72.3 76.3 0 0 1
70.3 71.55 76.3 0 0 1
82.3 82.3 83.55 0 0 1
66.3 67.55 72.3 0 0 1
66.3 76.3 9999 0 0 0
70.3 76.3 9999 0 0 0
74.9 74.9 76.15 0 0 1
82.3 88.3 9999 0 0 0
70.3 80.3 9999 0 0 0
74.9 74.9 76.15 0 0 1
66.3 76.3 9999 0 0 0
66.3 67.55 9999 0 0 0
66.3 76.3 9999 0 0 0
82.3 82.3 83.55 0 0 1
66.3 67.55 9999 0 0 0
70.3 71.55 76.3 0 0 1
66.3 76.3 9999 0 0 0
82.3 83.55 88.3 0 0 1
66.3 67.55 9999 0 0 0
82.3 83.55 88.3 0 0 1
66.3 66.3 67.55 0 0 1
82.3 83.55 88.3 0 0 1
75.3 85.3 9999 0 0 0
82.3 83.55 9999 0 0 0
70.3 71.55 76.3 0 0 1
66.3 67.55 9999 0 0 0
66.3 67.55 9999 0 0 0
70.3 80.3 9999 0 0 0
82.3 83.55 88.3 0 0 1
75.3 85.3 9999 0 0 0
82.9 82.9 84.15 0 0 1
66.3 76.3 9999 0 0 0
70.3 80.3 9999 0 0 0
83.3 84.55 89.3 0 0 1
66.3 76.3 9999 0 0 0
75.3 76.55 81.3 0 0 1
83.3 93.3 9999 0 0 0
66.3 67.55 72.3 0 0 1
66.3 76.3 9999 0 0 0
70.3 80.3 9999 0 0 0
75.3 76.55 81.3 0 0 1
66.3 67.55 9999 0 0 0
70.3 76.3 9999 0 0 0
66.3 76.3 9999 0 0 0
75.3 76.55 9999 0 0 0
75.3 76.55 9999 0 0 0
83.3 84.55 89.3 0 0 1
66.3 76.3 9999 0 0 0
70.3 80.3 9999 0 0 0
66.9 66.9 68.15 0 0 1
70.3 80.3 9999 0 0 0
75.3 85.3 9999 0 0 0
66.9 66.9 68.15 0 0 1
67.3 68.55 73.3 0 0 1
70.3 80.3 9999 0 0 0
75.3 85.3 9999 0 0 0
70.3 80.3 9999 0 0 0
75.3 76.55 9999 0 0 0
70.3 76.3 80.3 0 0 1
75.3 85.3 9999 0 0 0
67.3 77.3 9999 0 0 0
67.3 77.3 9999 0 0 0
70.3 71.55 76.3 0 0 1
75.3 81.3 85.3 0 0 1
83.3 84.55 89.3 0 0 1
70.3 71.55 76.3 0 0 1
70.3 76.3 80.3 0 0 1
67.3 73.3 77.3 0 0 1
70.3 80.3 9999 0 0 0
83.9 83.9 85.15 0 0 1
67.3 77.3 9999 0 0 0
83.9 83.9 85.15 0 0 1
70.3 71.55 9999 0 0 0
84.3 85.55 90.3 0 0 1
70.3 80.3 9999 0 0 0
75.3 76.55 81.3 0 0 1
70.3 80.3 9999 0 0 0
75.3 81.3 85.3 0 0 1
75.3 85.3 9999 0 0 0
70.3 70.3 71.55 0 0 1
75.3 76.55 81.3 0 0 1
70.9 70.9 72.15 0 0 1
84.3 85.55 90.3 0 0 1
67.3 77.3 9999 0 0 0
71.3 72.55 77.3 0 0 1
84.3 90.3 94.3 0 0 1
67.3 68.55 73.3 0 0 1
71.3 72.55 81.3 0 0 1
75.9 75.9 77.15 0 0 1
67.3 77.3 9999 0 0 0
71.3 77.3 81.3 0 0 1
76.3 77.55 82.3 0 0 1
84.3 85.55 90.3 0 0 1
67.3 73.3 77.3 0 0 1
67.3 73.3 77.3 0 0 1
84.3 85.55 90.3 0 0 1
76.3 77.55 82.3 0 0 1
67.3 68.55 73.3 0 0 1
71.3 81.3 9999 0 0 0
84.3 90.3 94.3 0 0 1
76.3 82.3 9999 0 0 0
84.3 84.3 85.55 0 0 1
84.3 85.55 90.3 0 0 1
67.3 73.3 9999 0 0 0
84.3 94.3 9999 0 0 0
67.3 77.3 9999 0 0 0
76.3 86.3 9999 0 0 0
71.3 77.3 81.3 0 0 1
84.9 84.9 86.15 0 0 1
67.3 73.3 77.3 0 0 1
84.9 84.9 86.15 0 0 1
71.3 81.3 9999 0 0 0
85.3 86.55 91.3 0 0 1
76.3 82.3 86.3 0 0 1
71.3 81.3 9999 0 0 0
71.3 81.3 9999 0 0 0
67.3 77.3 9999 0 0 0
76.3 86.3 9999 0 0 0
85.3 91.3 95.3 0 0 1
67.3 68.55 73.3 0 0 1
67.3 73.3 9999 0 0 0
67.3 68.55 73.3 0 0 1
85.3 86.55 91.3 0 0 1
71.3 77.3 81.3 0 0 1
85.3 91.3 95.3 0 0 1
67.3 77.3 9999 0 0 0
67.3 68.55 77.3 0 0 1
85.3 86.55 91.3 0 0 1
71.3 72.55 77.3 0 0 1
76.3 86.3 9999 0 0 0
67.3 68.55 9999 0 0 0
85.3 91.3 95.3 0 0 1
67.3 68.55 73.3 0 0 1
76.3 82.3 86.3 0 0 1
67.3 73.3 77.3 0 0 1
76.3 77.55 82.3 0 0 1
67.3 68.55 9999 0 0 0
71.3 72.55 77.3 0 0 1
86.3 87.55 9999 0 0 0
86.3 92.3 96.3 0 0 1
71.3 72.55 77.3 0 0 1
76.3 77.55 82.3 0 0 1
86.3 87.55 92.3 0 0 1
67.3 77.3 9999 0 0 0
71.3 81.3 9999 0 0 0
86.3 87.55 92.3 0 0 1
71.3 81.3 9999 0 0 0
76.3 82.3 86.3 0 0 1
86.3 87.55 92.3 0 0 1
76.3 76.3 77.55 0 0 1
76.3 82.3 86.3 0 0 1
67.3 68.55 73.3 0 0 1
71.3 81.3 9999 0 0 0
67.3 67.3 68.55 0 0 1
71.3 81.3 9999 0 0 0
86.9 86.9 88.15 0 0 1
67.3 73.3 77.3 0 0 1
76.3 86.3 9999 0 0 0
67.3 77.3 9999 0 0 0
76.3 86.3 9999 0 0 0
76.3 82.3 86.3 0 0 1
67.3 77.3 9999 0 0 0
71.3 72.55 77.3 0 0 1
76.3 82.3 9999 0 0 0
87.3 88.55 93.3 0 0 1
67.3 73.3 77.3 0 0 1
87.3 93.3 97.3 0 0 1
67.3 77.3 9999 0 0 0
87.3 88.55 93.3 0 0 1
67.3 68.55 77.3 0 0 1
76.3 77.55 82.3 0 0 1
67.3 77.3 9999 0 0 0
76.9 76.9 78.15 0 0 1
67.3 73.3 77.3 0 0 1
67.3 68.55 9999 0 0 0
71.3 81.3 9999 0 0 0
76.9 76.9 78.15 0 0 1
67.3 77.3 9999 0 0 0
77.3 87.3 9999 0 0 0
77.3 87.3 9999 0 0 0
88.9 88.9 90.15 0 0 1
71.3 81.3 9999 0 0 0
77.3 83.3 87.3 0 0 1
67.9 67.9 69.15 0 0 1
77.3 83.3 9999 0 0 0
77.3 83.3 87.3 0 0 1
89.9 89.9 91.15 0 0 1
67.9 67.9 69.15 0 0 1
71.9 71.9 73.15 0 0 1
77.3 83.3 87.3 0 0 1
72.3 82.3 9999 0 0 0
77.3 78.55 83.3 0 0 1
72.3 82.3 9999 0 0 0
68.3 69.55 74.3 0 0 1
90.9 90.9 92.15 0 0 1
72.3 73.55 78.3 0 0 1
68.3 74.3 78.3 0 0 1
72.3 73.55 78.3 0 0 1
77.3 78.55 87.3 0 0 1
91.3 91.3 92.55 0 0 1
68.3 78.3 9999 0 0 0
72.3 82.3 9999 0 0 0
77.3 83.3 87.3 0 0 1
96.9 96.9 98.15 0 0 1
72.3 82.3 9999 0 0 0
68.3 74.3 78.3 0 0 1
