65.00 65.00 66.25 1 0 1
68.30 69.55 9999.00 1 0 0
72.30 73.55 78.30 1 0 1
77.30 83.30 87.30 0 0 1
65.00 65.00 66.25 0 0 1
68.30 69.55 74.30 1 1 1
72.30 82.30 9999.00 1 0 0
77.30 78.55 83.30 1 0 1
65.30 75.30 9999.00 1 0 0
68.30 78.30 9999.00 1 1 0
72.30 78.30 82.30 0 0 1
77.30 78.55 83.30 1 1 1
65.30 75.30 9999.00 0 0 0
68.30 78.30 9999.00 1 0 0
72.30 82.30 9999.00 1 0 0
77.30 87.30 9999.00 0 0 0
65.30 75.30 9999.00 1 0 0
68.30 69.55 74.30 0 0 1
72.30 73.55 9999.00 0 0 0
77.30 87.30 9999.00 1 1 0
65.30 71.30 75.30 0 0 1
68.30 69.55 9999.00 1 0 0
72.30 73.55 78.30 1 1 1
77.30 87.30 9999.00 1 0 0
65.30 71.30 9999.00 1 0 0
68.30 69.55 74.30 1 1 1
72.30 78.30 82.30 0 0 1
77.30 87.30 9999.00 1 0 0
65.30 66.55 9999.00 1 0 0
68.30 68.30 69.55 0 0 1
72.30 73.55 78.30 0 0 1
77.30 87.30 9999.00 1 0 0
65.30 75.30 9999.00 1 0 0
68.30 69.55 74.30 0 0 1
72.30 73.55 78.30 1 0 1
77.30 83.30 87.30 0 0 1
65.30 75.30 9999.00 1 0 0
68.30 78.30 9999.00 1 0 0
72.30 82.30 9999.00 1 1 0
77.30 87.30 9999.00 1 0 0
65.30 75.30 9999.00 1 0 0
68.30 78.30 9999.00 1 0 0
72.30 73.55 78.30 1 0 1
77.30 87.30 9999.00 0 0 0
65.30 75.30 9999.00 1 0 0
68.30 69.55 74.30 1 0 1
72.30 73.55 78.30 1 0 1
77.30 83.30 87.30 1 0 1
65.30 75.30 9999.00 0 0 0
68.30 69.55 74.30 0 0 1
72.30 82.30 9999.00 1 0 0
77.30 87.30 9999.00 1 0 0
65.30 75.30 9999.00 1 0 0
68.30 69.55 74.30 0 0 1
72.30 82.30 9999.00 1 0 0
77.30 78.55 83.30 0 0 1
65.30 75.30 9999.00 0 0 0
68.30 78.30 9999.00 1 0 0
72.30 82.30 9999.00 1 0 0
77.30 87.30 9999.00 1 0 0
65.30 75.30 9999.00 0 0 0
68.30 78.30 9999.00 1 0 0
72.30 73.55 78.30 1 1 1
77.30 83.30 87.30 0 0 1
65.30 75.30 9999.00 1 0 0
68.30 78.30 9999.00 0 0 0
72.30 78.30 82.30 1 0 1
77.30 83.30 87.30 1 0 1
65.30 71.30 75.30 0 1 1
68.30 74.30 78.30 1 0 1
72.30 82.30 9999.00 0 0 0
77.30 78.55 83.30 0 0 1
65.30 75.30 9999.00 0 0 0
68.30 74.30 78.30 1 1 1
72.30 73.55 9999.00 0 0 0
77.90 77.90 79.15 1 1 1
65.30 75.30 9999.00 1 0 0
68.30 69.55 9999.00 1 0 0
72.30 73.55 78.30 1 0 1
77.90 77.90 79.15 0 0 1
65.30 75.30 9999.00 0 0 0
68.30 78.30 9999.00 1 0 0
72.30 82.30 9999.00 1 1 0
77.90 77.90 79.15 1 0 1
65.30 66.55 9999.00 0 1 0
68.30 74.30 9999.00 1 0 0
72.30 78.30 82.30 1 0 1
77.90 77.90 79.15 1 0 1
65.30 66.55 71.30 0 0 1
68.30 78.30 9999.00 1 0 0
72.30 78.30 82.30 0 0 1
77.90 77.90 79.15 0 0 1
65.30 75.30 9999.00 0 0 0
68.30 78.30 9999.00 1 0 0
72.30 82.30 9999.00 0 0 0
78.30 84.30 88.30 1 0 1
65.30 75.30 9999.00 1 0 0
68.30 78.30 9999.00 0 0 0
72.30 78.30 82.30 1 1 1
78.30 79.55 84.30 0 1 1
65.30 66.55 9999.00 1 0 0
68.30 69.55 9999.00 1 0 0
72.30 73.55 78.30 0 0 1
78.30 88.30 9999.00 0 0 0
65.30 65.30 66.55 1 0 1
68.30 78.30 9999.00 0 0 0
72.30 73.55 9999.00 0 0 0
78.30 88.30 9999.00 1 0 0
65.30 71.30 75.30 0 0 1
68.30 78.30 9999.00 1 0 0
72.30 82.30 9999.00 1 1 0
78.30 88.30 9999.00 1 0 0
65.30 75.30 9999.00 1 0 0
68.30 78.30 9999.00 1 0 0
72.30 78.30 82.30 0 0 1
78.30 84.30 88.30 0 0 1
65.30 75.30 9999.00 1 1 0
68.30 78.30 9999.00 0 0 0
72.30 82.30 9999.00 1 0 0
78.30 79.55 9999.00 0 0 0
65.30 75.30 9999.00 1 0 0
68.30 74.30 9999.00 1 0 0
72.30 78.30 9999.00 1 0 0
78.30 79.55 9999.00 1 0 0
65.30 75.30 9999.00 0 1 0
68.30 69.55 74.30 0 1 1
72.30 82.30 9999.00 0 0 0
78.30 88.30 9999.00 0 0 0
65.30 71.30 9999.00 0 0 0
68.30 69.55 74.30 0 0 1
72.30 82.30 9999.00 1 1 0
78.30 84.30 88.30 1 0 1
65.30 66.55 71.30 0 0 1
68.30 78.30 9999.00 1 0 0
72.30 73.55 78.30 0 0 1
78.30 84.30 88.30 1 0 1
65.30 66.55 9999.00 0 0 0
68.30 69.55 74.30 0 0 1
72.30 73.55 78.30 1 0 1
78.30 79.55 84.30 0 0 1
65.30 75.30 9999.00 1 0 0
68.30 78.30 9999.00 1 0 0
72.30 78.30 82.30 1 0 1
78.30 84.30 88.30 0 1 1
65.30 75.30 9999.00 0 0 0
68.30 69.55 9999.00 1 1 0
72.30 82.30 9999.00 1 0 0
78.30 78.30 79.55 1 0 1
65.30 75.30 9999.00 0 0 0
68.30 69.55 9999.00 1 1 0
72.30 72.30 73.55 1 0 1
78.30 84.30 88.30 1 0 1
65.30 66.55 71.30 0 0 1
68.30 69.55 9999.00 0 1 0
72.30 73.55 78.30 0 0 1
78.30 84.30 88.30 0 0 1
65.30 75.30 9999.00 1 0 0
68.30 74.30 9999.00 1 1 0
72.30 78.30 9999.00 0 0 0
78.30 88.30 9999.00 1 1 0
65.30 75.30 9999.00 1 0 0
68.30 78.30 9999.00 1 0 0
72.30 73.55 78.30 1 0 1
78.30 79.55 84.30 0 0 1
65.30 71.30 75.30 1 0 1
68.30 69.55 78.30 0 1 1
72.30 78.30 82.30 1 0 1
78.30 84.30 88.30 1 0 1
65.30 66.55 9999.00 1 0 0
68.30 74.30 78.30 1 0 1
72.30 82.30 9999.00 1 0 0
78.30 88.30 9999.00 1 0 0
65.30 75.30 9999.00 1 0 0
68.30 78.30 9999.00 0 0 0
72.30 78.30 82.30 0 1 1
78.30 79.55 84.30 1 0 1
65.30 66.55 9999.00 1 0 0
68.30 74.30 78.30 1 0 1
72.30 82.30 9999.00 1 0 0
78.30 78.30 79.55 0 0 1
65.30 75.30 9999.00 0 0 0
68.30 78.30 9999.00 0 0 0
72.30 78.30 82.30 1 1 1
78.30 88.30 9999.00 1 0 0
65.30 75.30 9999.00 0 0 0
68.30 78.30 9999.00 1 0 0
72.30 78.30 82.30 1 0 1
78.30 84.30 88.30 0 1 1
65.30 75.30 9999.00 1 0 0
68.30 74.30 78.30 1 0 1
72.30 82.30 9999.00 0 1 0
78.30 88.30 9999.00 1 0 0
65.30 66.55 71.30 1 0 1
68.30 69.55 74.30 1 0 1
72.30 73.55 78.30 0 0 1
78.30 88.30 9999.00 0 0 0
65.30 71.30 9999.00 0 0 0
68.30 74.30 78.30 0 1 1
72.30 82.30 9999.00 0 0 0
78.30 79.55 9999.00 1 0 0
65.30 75.30 9999.00 0 0 0
68.30 74.30 78.30 1 0 1
72.30 72.30 73.55 1 1 1
78.30 78.30 79.55 1 0 1
65.30 66.55 75.30 0 0 1
68.30 78.30 9999.00 1 0 0
72.30 73.55 9999.00 1 0 0
78.30 88.30 9999.00 1 0 0
65.30 66.55 71.30 1 0 1
68.30 78.30 9999.00 1 1 0
72.30 82.30 9999.00 1 0 0
78.30 79.55 9999.00 1 0 0
65.30 66.55 71.30 0 0 1
68.30 78.30 9999.00 1 0 0
72.30 82.30 9999.00 1 0 0
78.30 88.30 9999.00 1 0 0
65.30 75.30 9999.00 0 1 0
68.30 78.30 9999.00 1 0 0
72.30 82.30 9999.00 1 0 0
78.30 79.55 9999.00 1 0 0
65.30 71.30 75.30 0 0 1
68.30 78.30 9999.00 0 1 0
72.30 73.55 78.30 1 0 1
78.30 79.55 84.30 1 0 1
65.30 75.30 9999.00 1 0 0
68.30 78.30 9999.00 0 0 0
72.30 78.30 9999.00 1 0 0
78.30 84.30 88.30 0 0 1
65.30 71.30 75.30 1 1 1
68.30 69.55 9999.00 0 0 0
72.30 73.55 78.30 1 0 1
78.30 79.55 9999.00 1 0 0
65.30 75.30 9999.00 1 0 0
68.30 69.55 74.30 0 0 1
72.90 72.90 74.15 1 1 1
78.30 79.55 84.30 0 0 1
65.30 75.30 9999.00 1 0 0
68.30 69.55 9999.00 0 0 0
72.90 72.90 74.15 0 0 1
78.30 79.55 84.30 1 1 1
65.30 75.30 9999.00 0 0 0
68.90 68.90 70.15 0 0 1
73.30 83.30 9999.00 1 0 0
78.30 79.55 84.30 0 0 1
65.30 75.30 9999.00 1 0 0
68.90 68.90 70.15 0 1 1
73.30 74.55 79.30 1 0 1
78.30 84.30 88.30 1 1 1
65.30 75.30 9999.00 1 0 0
68.90 68.90 70.15 1 1 1
73.30 83.30 9999.00 0 0 0
78.30 79.55 84.30 0 1 1
65.30 66.55 71.30 0 0 1
68.90 68.90 70.15 0 0 1
73.30 83.30 9999.00 1 0 0
78.30 79.55 84.30 0 0 1
65.30 75.30 9999.00 0 0 0
69.30 79.30 9999.00 1 0 0
73.30 74.55 9999.00 1 0 0
78.30 84.30 88.30 1 0 1
65.30 75.30 9999.00 1 0 0
69.30 70.55 75.30 1 1 1
73.30 74.55 83.30 1 0 1
78.30 78.30 79.55 1 0 1
65.30 71.30 9999.00 0 0 0
69.30 70.55 75.30 1 0 1
73.30 74.55 79.30 1 1 1
78.30 88.30 9999.00 0 0 0
65.30 66.55 71.30 0 0 1
69.30 70.55 75.30 1 1 1
73.30 79.30 83.30 1 1 1
78.30 79.55 84.30 1 0 1
65.30 75.30 9999.00 1 1 0
69.30 75.30 9999.00 1 0 0
73.30 83.30 9999.00 1 0 0
78.30 84.30 88.30 1 0 1
65.30 66.55 71.30 0 0 1
69.30 75.30 79.30 1 0 1
73.30 79.30 83.30 0 1 1
78.30 78.30 79.55 1 1 1
65.30 75.30 9999.00 0 0 0
69.30 79.30 9999.00 0 0 0
73.30 79.30 83.30 1 0 1
78.30 79.55 84.30 1 0 1
65.30 66.55 71.30 0 0 1
69.30 70.55 79.30 0 0 1
73.30 83.30 9999.00 0 0 0
78.30 88.30 9999.00 0 0 0
65.30 75.30 9999.00 1 0 0
69.30 70.55 75.30 0 0 1
73.30 79.30 83.30 1 0 1
78.90 78.90 80.15 1 0 1
65.30 71.30 75.30 1 0 1
69.30 75.30 79.30 0 0 1
73.30 74.55 9999.00 0 0 0
78.90 78.90 80.15 0 0 1
65.30 75.30 9999.00 0 1 0
69.30 79.30 9999.00 1 0 0
73.30 79.30 83.30 1 0 1
79.30 80.55 85.30 0 1 1
65.30 75.30 9999.00 0 0 0
69.30 79.30 9999.00 1 0 0
73.30 73.30 74.55 0 1 1
79.30 85.30 89.30 1 0 1
65.30 75.30 9999.00 1 0 0
69.30 79.30 9999.00 0 0 0
73.30 74.55 9999.00 1 1 0
79.30 80.55 9999.00 0 1 0
65.30 75.30 9999.00 1 0 0
69.30 79.30 9999.00 0 1 0
73.30 83.30 9999.00 1 1 0
79.30 80.55 9999.00 0 0 0
65.30 75.30 9999.00 0 0 0
69.30 79.30 9999.00 1 0 0
73.30 83.30 9999.00 0 1 0
79.30 85.30 89.30 0 0 1
65.30 75.30 9999.00 1 0 0
69.30 70.55 75.30 0 0 1
73.30 74.55 79.30 1 1 1
79.30 85.30 89.30 0 0 1
65.30 75.30 9999.00 0 0 0
69.30 75.30 79.30 1 1 1
73.30 74.55 79.30 0 0 1
79.30 80.55 9999.00 0 0 0
65.30 66.55 9999.00 1 0 0
69.30 79.30 9999.00 0 0 0
73.30 74.55 83.30 0 0 1
79.30 80.55 85.30 1 0 1
65.30 75.30 9999.00 1 0 0
69.30 79.30 9999.00 1 0 0
73.30 83.30 9999.00 1 0 0
79.30 85.30 89.30 1 0 1
65.30 71.30 75.30 1 0 1
69.30 70.55 75.30 0 0 1
73.30 79.30 83.30 1 0 1
79.30 89.30 9999.00 0 0 0
65.30 66.55 71.30 1 0 1
69.30 70.55 9999.00 1 1 0
73.30 74.55 9999.00 1 0 0
79.30 80.55 85.30 0 0 1
65.30 66.55 71.30 0 0 1
69.30 70.55 9999.00 1 0 0
73.30 74.55 79.30 0 1 1
79.30 85.30 89.30 0 0 1
65.30 75.30 9999.00 1 0 0
69.30 75.30 79.30 1 0 1
73.30 83.30 9999.00 1 0 0
79.30 85.30 89.30 0 0 1
65.30 65.30 66.55 1 0 1
69.30 75.30 79.30 1 0 1
73.30 74.55 79.30 1 0 1
79.30 89.30 9999.00 1 0 0
65.30 71.30 75.30 1 0 1
69.30 70.55 9999.00 0 0 0
73.30 74.55 79.30 0 0 1
79.30 80.55 9999.00 1 0 0
65.30 66.55 9999.00 0 0 0
69.30 79.30 9999.00 0 0 0
73.30 79.30 83.30 0 0 1
79.30 85.30 89.30 1 0 1
65.30 66.55 9999.00 1 0 0
69.30 79.30 9999.00 1 0 0
73.30 79.30 83.30 1 1 1
79.30 89.30 9999.00 0 0 0
65.30 71.30 75.30 1 0 1
69.30 70.55 75.30 1 0 1
73.30 74.55 79.30 0 0 1
79.30 80.55 85.30 1 0 1
65.30 75.30 9999.00 1 0 0
69.30 79.30 9999.00 0 0 0
73.30 83.30 9999.00 1 0 0
79.30 85.30 89.30 1 0 1
65.30 75.30 9999.00 0 0 0
69.30 79.30 9999.00 0 0 0
73.30 83.30 9999.00 0 0 0
79.30 85.30 89.30 1 1 1
65.30 65.30 66.55 1 1 1
69.30 79.30 9999.00 1 0 0
73.30 83.30 9999.00 1 0 0
79.30 85.30 89.30 0 0 1
65.30 66.55 71.30 1 0 1
69.30 75.30 79.30 0 0 1
73.30 79.30 83.30 0 0 1
79.30 80.55 85.30 0 0 1
65.30 71.30 75.30 0 0 1
69.30 70.55 9999.00 1 0 0
73.30 83.30 9999.00 1 0 0
79.30 89.30 9999.00 0 0 0
65.30 75.30 9999.00 1 0 0
69.30 70.55 75.30 1 0 1
73.30 83.30 9999.00 1 0 0
79.30 80.55 85.30 0 0 1
65.90 65.90 67.15 0 0 1
69.30 79.30 9999.00 1 0 0
73.30 74.55 79.30 0 0 1
79.30 80.55 85.30 0 1 1
65.90 65.90 67.15 0 0 1
69.30 70.55 75.30 1 0 1
73.30 83.30 9999.00 1 0 0
79.30 80.55 85.30 1 0 1
65.90 65.90 67.15 0 0 1
69.30 75.30 79.30 1 0 1
73.30 83.30 9999.00 1 0 0
79.30 79.30 80.55 0 1 1
66.30 67.55 9999.00 1 0 0
69.30 79.30 9999.00 1 0 0
73.30 83.30 9999.00 0 0 0
80.30 81.55 86.30 0 0 1
66.30 67.55 72.30 1 0 1
69.30 79.30 9999.00 1 0 0
73.30 74.55 79.30 1 1 1
80.30 81.55 86.30 0 0 1
66.30 76.30 9999.00 1 0 0
69.30 79.30 9999.00 1 1 0
73.30 74.55 79.30 1 1 1
80.30 86.30 90.30 1 0 1
66.30 72.30 76.30 1 0 1
69.30 75.30 79.30 1 0 1
73.30 74.55 9999.00 0 0 0
80.30 80.30 81.55 1 1 1
66.30 72.30 9999.00 0 0 0
69.30 75.30 79.30 0 0 1
73.30 74.55 9999.00 1 0 0
80.30 86.30 90.30 0 0 1
66.30 76.30 9999.00 1 0 0
69.30 79.30 9999.00 1 0 0
73.30 83.30 9999.00 1 1 0
80.30 86.30 90.30 1 1 1
66.30 67.55 72.30 0 1 1
69.30 75.30 79.30 0 1 1
73.30 79.30 83.30 1 0 1
80.30 81.55 86.30 0 0 1
66.30 76.30 9999.00 1 0 0
69.30 79.30 9999.00 1 0 0
73.30 83.30 9999.00 0 0 0
80.30 81.55 86.30 1 1 1
66.30 76.30 9999.00 1 1 0
69.30 79.30 9999.00 1 1 0
73.30 73.30 74.55 0 0 1
80.30 90.30 9999.00 1 0 0
66.30 67.55 72.30 0 0 1
69.30 79.30 9999.00 0 0 0
73.30 83.30 9999.00 1 0 0
80.30 81.55 90.30 0 0 1
66.30 67.55 72.30 1 0 1
69.30 79.30 9999.00 1 1 0
73.30 83.30 9999.00 1 1 0
80.30 81.55 90.30 0 0 1
66.30 67.55 72.30 0 0 1
69.30 70.55 75.30 0 0 1
73.30 83.30 9999.00 0 0 0
80.30 81.55 86.30 0 0 1
66.30 72.30 76.30 1 0 1
69.30 70.55 75.30 1 0 1
73.30 74.55 79.30 1 0 1
80.30 86.30 90.30 1 0 1
66.30 67.55 9999.00 1 0 0
69.30 79.30 9999.00 1 0 0
73.30 73.30 74.55 1 0 1
80.30 81.55 90.30 1 0 1
66.30 76.30 9999.00 0 1 0
69.30 75.30 79.30 0 0 1
73.90 73.90 75.15 1 0 1
80.30 90.30 9999.00 1 0 0
66.30 76.30 9999.00 1 0 0
69.30 79.30 9999.00 0 0 0
73.90 73.90 75.15 1 0 1
80.30 86.30 90.30 1 0 1
66.30 76.30 9999.00 0 0 0
69.30 79.30 9999.00 0 0 0
73.90 73.90 75.15 0 0 1
80.30 86.30 90.30 0 1 1
66.30 76.30 9999.00 1 0 0
69.30 79.30 9999.00 1 0 0
73.90 73.90 75.15 0 0 1
80.30 86.30 90.30 1 0 1
66.30 72.30 9999.00 1 0 0
69.30 79.30 9999.00 0 0 0
73.90 73.90 75.15 1 1 1
80.30 81.55 86.30 1 0 1
66.30 72.30 9999.00 0 0 0
69.30 75.30 79.30 1 0 1
74.30 75.55 80.30 0 0 1
80.30 81.55 86.30 1 0 1
66.30 72.30 76.30 1 1 1
69.30 75.30 79.30 1 0 1
74.30 75.55 9999.00 1 0 0
80.30 90.30 9999.00 0 0 0
66.30 72.30 76.30 0 1 1
69.30 75.30 79.30 1 0 1
74.30 84.30 9999.00 1 0 0
80.30 86.30 90.30 1 0 1
66.30 72.30 76.30 0 0 1
69.30 79.30 9999.00 1 0 0
74.30 75.55 80.30 1 0 1
80.90 80.90 82.15 0 1 1
66.30 76.30 9999.00 0 0 0
69.30 75.30 79.30 0 1 1
74.30 75.55 80.30 0 0 1
80.90 80.90 82.15 1 0 1
66.30 76.30 9999.00 1 0 0
69.30 79.30 9999.00 0 0 0
74.30 75.55 9999.00 1 0 0
81.30 81.30 82.55 1 0 1
66.30 72.30 9999.00 1 0 0
69.30 70.55 79.30 1 0 1
74.30 84.30 9999.00 1 1 0
81.30 82.55 87.30 0 0 1
66.30 76.30 9999.00 0 1 0
69.30 79.30 9999.00 0 0 0
74.30 84.30 9999.00 1 0 0
81.30 82.55 87.30 0 0 1
66.30 67.55 72.30 1 0 1
69.30 70.55 75.30 0 0 1
74.30 75.55 80.30 0 0 1
81.30 82.55 87.30 1 1 1
66.30 67.55 72.30 0 0 1
69.30 75.30 79.30 0 1 1
74.30 80.30 84.30 1 0 1
81.30 82.55 87.30 1 1 1
66.30 76.30 9999.00 1 0 0
69.30 79.30 9999.00 1 1 0
74.30 75.55 80.30 0 1 1
81.30 87.30 91.30 1 0 1
66.30 72.30 76.30 0 0 1
69.30 69.30 70.55 1 0 1
74.30 84.30 9999.00 1 0 0
81.30 91.30 9999.00 1 0 0
66.30 76.30 9999.00 1 0 0
69.30 79.30 9999.00 1 0 0
74.30 75.55 80.30 1 0 1
81.30 87.30 91.30 1 0 1
66.30 76.30 9999.00 1 0 0
69.30 79.30 9999.00 1 0 0
74.30 80.30 84.30 1 1 1
81.30 91.30 9999.00 1 1 0
66.30 76.30 9999.00 1 0 0
69.30 79.30 9999.00 1 1 0
74.30 84.30 9999.00 0 0 0
81.30 87.30 91.30 1 1 1
66.30 76.30 9999.00 0 0 0
69.30 79.30 9999.00 1 0 0
74.30 75.55 9999.00 0 0 0
81.30 82.55 87.30 1 1 1
66.30 72.30 76.30 1 0 1
69.30 79.30 9999.00 1 1 0
74.30 84.30 9999.00 1 0 0
81.30 82.55 87.30 1 0 1
66.30 67.55 9999.00 1 1 0
69.30 75.30 9999.00 1 1 0
74.30 75.55 80.30 1 0 1
81.30 82.55 87.30 1 0 1
66.30 72.30 76.30 0 1 1
69.30 79.30 9999.00 1 0 0
74.30 84.30 9999.00 1 0 0
81.30 87.30 91.30 1 1 1
66.30 76.30 9999.00 0 0 0
69.30 75.30 79.30 1 0 1
74.30 74.30 75.55 1 0 1
81.30 82.55 87.30 0 0 1
66.30 67.55 72.30 0 0 1
69.30 70.55 75.30 1 0 1
74.30 84.30 9999.00 1 0 0
81.30 82.55 87.30 1 0 1
66.30 76.30 9999.00 0 0 0
69.30 70.55 75.30 1 0 1
74.30 75.55 80.30 0 0 1
81.30 87.30 91.30 1 0 1
66.30 76.30 9999.00 1 0 0
69.30 69.30 70.55 1 0 1
74.30 80.30 9999.00 0 0 0
81.30 81.30 82.55 1 0 1
66.30 76.30 9999.00 1 0 0
69.30 75.30 79.30 1 0 1
74.30 84.30 9999.00 1 0 0
81.30 82.55 87.30 0 0 1
66.30 76.30 9999.00 1 0 0
69.30 79.30 9999.00 1 0 0
74.30 75.55 80.30 0 0 1
81.30 82.55 87.30 1 1 1
66.30 67.55 9999.00 1 0 0
69.30 79.30 9999.00 1 0 0
74.30 74.30 75.55 0 0 1
81.30 82.55 87.30 1 1 1
66.30 67.55 72.30 1 0 1
69.90 69.90 71.15 0 1 1
74.30 80.30 84.30 1 0 1
81.30 91.30 9999.00 1 0 0
66.30 67.55 72.30 1 1 1
70.30 76.30 80.30 0 1 1
74.30 75.55 9999.00 1 0 0
81.30 82.55 87.30 0 0 1
66.30 67.55 72.30 1 1 1
70.30 76.30 80.30 1 0 1
74.30 80.30 84.30 1 0 1
81.30 81.30 82.55 1 0 1
66.30 67.55 72.30 0 0 1
70.30 80.30 9999.00 0 0 0
74.30 84.30 9999.00 0 0 0
81.30 82.55 87.30 1 1 1
66.30 76.30 9999.00 0 0 0
70.30 76.30 80.30 1 0 1
74.30 84.30 9999.00 1 0 0
81.30 82.55 87.30 1 1 1
66.30 67.55 72.30 0 0 1
70.30 76.30 80.30 1 0 1
74.30 75.55 80.30 0 0 1
81.30 91.30 9999.00 0 0 0
66.30 72.30 9999.00 1 0 0
70.30 80.30 9999.00 1 0 0
74.30 84.30 9999.00 1 1 0
81.30 87.30 91.30 0 0 1
66.30 76.30 9999.00 1 0 0
70.30 71.55 80.30 0 0 1
74.30 84.30 9999.00 0 1 0
81.30 91.30 9999.00 0 0 0
66.30 76.30 9999.00 0 0 0
70.30 71.55 76.30 0 0 1
74.30 80.30 84.30 0 1 1
81.90 81.90 83.15 0 0 1
66.30 76.30 9999.00 0 1 0
70.30 76.30 80.30 1 0 1
74.30 75.55 80.30 1 0 1
81.90 81.90 83.15 1 0 1
66.30 72.30 76.30 1 0 1
70.30 80.30 9999.00 0 0 0
74.30 84.30 9999.00 1 0 0
82.30 83.55 88.30 1 0 1
66.30 76.30 9999.00 1 0 0
70.30 80.30 9999.00 1 1 0
74.30 80.30 84.30 1 0 1
82.30 83.55 88.30 0 0 1
66.30 67.55 72.30 0 0 1
70.30 76.30 80.30 0 1 1
74.30 80.30 84.30 1 1 1
82.30 82.30 83.55 1 1 1
66.30 76.30 9999.00 0 0 0
70.30 80.30 9999.00 0 0 0
74.30 75.55 9999.00 1 0 0
82.30 88.30 92.30 0 0 1
66.30 72.30 76.30 0 0 1
70.30 76.30 80.30 0 0 1
74.30 74.30 75.55 0 1 1
82.30 88.30 92.30 0 1 1
66.30 76.30 9999.00 0 0 0
70.30 76.30 80.30 1 1 1
74.30 75.55 9999.00 1 1 0
82.30 83.55 88.30 1 0 1
66.30 72.30 76.30 0 0 1
70.30 71.55 76.30 0 0 1
74.30 75.55 80.30 0 1 1
82.30 82.30 83.55 0 0 1
66.30 67.55 72.30 0 0 1
70.30 80.30 9999.00 1 0 0
74.30 84.30 9999.00 1 0 0
82.30 88.30 92.30 1 0 1
66.30 72.30 76.30 1 0 1
70.30 80.30 9999.00 1 0 0
74.30 80.30 84.30 0 1 1
82.30 88.30 92.30 0 1 1
66.30 76.30 9999.00 0 0 0
70.30 76.30 9999.00 0 0 0
74.90 74.90 76.15 0 0 1
82.30 88.30 9999.00 0 0 0
66.30 76.30 9999.00 1 0 0
70.30 80.30 9999.00 0 0 0
74.90 74.90 76.15 0 0 1
82.30 83.55 88.30 1 0 1
66.30 76.30 9999.00 0 0 0
70.30 71.55 9999.00 1 0 0
74.90 74.90 76.15 0 1 1
82.30 88.30 92.30 1 1 1
66.30 67.55 9999.00 0 0 0
70.30 80.30 9999.00 1 0 0
75.30 76.55 81.30 1 0 1
82.30 83.55 88.30 1 0 1
66.30 76.30 9999.00 1 0 0
70.30 71.55 9999.00 1 0 0
75.30 76.55 81.30 1 0 1
82.30 83.55 88.30 1 1 1
66.30 76.30 9999.00 0 0 0
70.30 71.55 80.30 1 0 1
75.30 76.55 81.30 1 0 1
82.30 82.30 83.55 0 0 1
66.30 67.55 9999.00 0 0 0
70.30 71.55 76.30 0 0 1
75.30 81.30 85.30 0 1 1
82.30 83.55 88.30 1 1 1
66.30 67.55 9999.00 1 0 0
70.30 80.30 9999.00 1 0 0
75.30 85.30 9999.00 1 0 0
82.30 82.30 83.55 1 1 1
66.30 76.30 9999.00 0 0 0
70.30 71.55 76.30 1 0 1
75.30 85.30 9999.00 1 0 0
82.30 83.55 88.30 0 0 1
66.30 67.55 9999.00 0 0 0
70.30 80.30 9999.00 1 1 0
75.30 81.30 85.30 1 0 1
82.30 83.55 88.30 0 0 1
66.30 66.30 67.55 0 0 1
70.30 80.30 9999.00 1 1 0
75.30 85.30 9999.00 1 1 0
82.30 83.55 88.30 0 0 1
66.30 76.30 9999.00 1 0 0
70.30 80.30 9999.00 1 0 0
75.30 85.30 9999.00 0 0 0
82.30 83.55 9999.00 0 0 0
66.30 76.30 9999.00 1 0 0
70.30 71.55 76.30 0 0 1
75.30 76.55 9999.00 1 1 0
82.30 82.30 83.55 1 0 1
66.30 67.55 9999.00 0 0 0
70.30 76.30 80.30 1 1 1
75.30 76.55 9999.00 1 0 0
82.30 83.55 88.30 1 0 1
66.30 67.55 9999.00 0 0 0
70.30 80.30 9999.00 0 0 0
75.30 85.30 9999.00 1 0 0
82.30 83.55 88.30 0 0 1
66.30 67.55 9999.00 1 1 0
70.30 80.30 9999.00 1 0 0
75.30 76.55 85.30 1 1 1
82.90 82.90 84.15 1 1 1
66.30 76.30 9999.00 1 1 0
70.30 71.55 76.30 1 1 1
75.30 85.30 9999.00 0 0 0
82.90 82.90 84.15 0 0 1
66.30 72.30 76.30 1 0 1
70.30 71.55 9999.00 1 1 0
75.30 81.30 85.30 1 0 1
82.90 82.90 84.15 1 0 1
66.30 67.55 9999.00 1 0 0
70.30 71.55 9999.00 0 1 0
75.30 85.30 9999.00 0 1 0
83.30 83.30 84.55 1 1 1
66.30 76.30 9999.00 0 0 0
70.30 76.30 80.30 1 0 1
75.30 85.30 9999.00 1 0 0
83.30 84.55 89.30 1 0 1
66.30 67.55 9999.00 1 0 0
70.30 80.30 9999.00 0 0 0
75.30 85.30 9999.00 1 1 0
83.30 84.55 9999.00 1 0 0
66.30 76.30 9999.00 1 0 0
70.30 80.30 9999.00 1 0 0
75.30 81.30 85.30 1 0 1
83.30 93.30 9999.00 1 0 0
66.30 67.55 72.30 0 1 1
70.30 80.30 9999.00 0 1 0
75.30 81.30 9999.00 1 0 0
83.30 84.55 89.30 1 0 1
66.30 76.30 9999.00 1 0 0
70.30 80.30 9999.00 1 0 0
75.30 76.55 9999.00 1 0 0
83.30 84.55 89.30 1 0 1
66.30 76.30 9999.00 1 0 0
70.30 76.30 80.30 1 0 1
75.30 76.55 81.30 1 1 1
83.30 89.30 93.30 1 0 1
66.30 76.30 9999.00 1 0 0
70.30 71.55 76.30 1 0 1
75.30 81.30 85.30 1 0 1
83.30 84.55 89.30 0 0 1
66.30 76.30 9999.00 0 0 0
70.30 80.30 9999.00 1 0 0
75.30 76.55 81.30 0 0 1
83.30 93.30 9999.00 0 0 0
66.30 67.55 72.30 0 0 1
70.30 76.30 80.30 1 0 1
75.30 85.30 9999.00 1 0 0
83.30 84.55 89.30 1 0 1
66.30 76.30 9999.00 1 0 0
70.30 80.30 9999.00 1 0 0
75.30 85.30 9999.00 0 1 0
83.30 84.55 89.30 1 1 1
66.30 76.30 9999.00 0 0 0
70.30 80.30 9999.00 0 0 0
75.30 76.55 81.30 0 0 1
83.30 84.55 89.30 1 0 1
66.30 67.55 9999.00 0 0 0
70.30 76.30 9999.00 0 0 0
75.30 85.30 9999.00 1 0 0
83.30 84.55 89.30 1 1 1
66.30 76.30 9999.00 1 0 0
70.30 80.30 9999.00 1 1 0
75.30 76.55 81.30 1 0 1
83.30 84.55 89.30 1 1 1
66.30 76.30 9999.00 0 0 0
70.30 71.55 76.30 1 0 1
75.30 85.30 9999.00 1 0 0
83.30 89.30 93.30 1 0 1
66.30 67.55 76.30 1 0 1
70.30 76.30 80.30 1 0 1
75.30 76.55 9999.00 0 0 0
83.30 89.30 93.30 1 0 1
66.30 76.30 9999.00 1 0 0
70.30 80.30 9999.00 1 1 0
75.30 76.55 9999.00 0 0 0
83.30 84.55 89.30 0 0 1
66.30 76.30 9999.00 0 0 0
70.30 80.30 9999.00 0 0 0
75.30 76.55 9999.00 1 0 0
83.30 83.30 84.55 1 0 1
66.90 66.90 68.15 0 0 1
70.30 80.30 9999.00 0 0 0
75.30 85.30 9999.00 0 0 0
83.30 84.55 89.30 1 0 1
66.90 66.90 68.15 0 0 1
70.30 71.55 9999.00 1 0 0
75.30 76.55 9999.00 1 1 0
83.30 84.55 89.30 1 0 1
67.30 68.55 73.30 0 0 1
70.30 71.55 9999.00 1 1 0
75.30 85.30 9999.00 1 1 0
83.30 84.55 9999.00 1 0 0
67.30 77.30 9999.00 1 0 0
70.30 80.30 9999.00 0 0 0
75.30 85.30 9999.00 0 0 0
83.30 84.55 89.30 0 1 1
67.30 73.30 77.30 1 0 1
70.30 80.30 9999.00 0 0 0
75.30 76.55 9999.00 0 0 0
83.30 83.30 84.55 1 0 1
67.30 73.30 77.30 1 1 1
70.30 71.55 76.30 1 0 1
75.30 76.55 81.30 0 1 1
83.30 89.30 93.30 1 0 1
67.30 73.30 77.30 1 0 1
70.30 71.55 9999.00 1 0 0
75.30 81.30 85.30 1 0 1
83.30 83.30 84.55 1 1 1
67.30 73.30 77.30 1 1 1
70.30 76.30 80.30 0 0 1
75.30 85.30 9999.00 0 0 0
83.30 84.55 89.30 1 0 1
67.30 73.30 9999.00 1 0 0
70.30 71.55 9999.00 1 0 0
75.30 76.55 81.30 1 0 1
83.30 84.55 89.30 1 0 1
67.30 77.30 9999.00 0 0 0
70.30 76.30 80.30 1 0 1
75.30 76.55 81.30 1 1 1
83.30 84.55 89.30 1 1 1
67.30 77.30 9999.00 0 0 0
70.30 71.55 76.30 0 0 1
75.30 81.30 85.30 0 0 1
83.30 84.55 89.30 0 0 1
67.30 68.55 77.30 1 0 1
70.30 76.30 80.30 1 0 1
75.30 81.30 85.30 1 1 1
83.30 84.55 89.30 1 0 1
67.30 73.30 77.30 1 0 1
70.30 71.55 76.30 0 0 1
75.30 85.30 9999.00 1 0 0
83.90 83.90 85.15 1 0 1
67.30 68.55 9999.00 1 0 0
70.30 76.30 80.30 0 0 1
75.30 81.30 85.30 1 1 1
83.90 83.90 85.15 1 0 1
67.30 73.30 77.30 0 0 1
70.30 80.30 9999.00 0 0 0
75.30 76.55 9999.00 1 0 0
83.90 83.90 85.15 0 0 1
67.30 77.30 9999.00 0 0 0
70.30 80.30 9999.00 1 0 0
75.30 85.30 9999.00 1 0 0
83.90 83.90 85.15 0 0 1
67.30 77.30 9999.00 1 1 0
70.30 71.55 80.30 1 0 1
75.30 76.55 81.30 1 0 1
84.30 84.30 85.55 1 0 1
67.30 73.30 77.30 1 1 1
70.30 71.55 9999.00 0 0 0
75.30 81.30 9999.00 1 0 0
84.30 85.55 90.30 0 0 1
67.30 77.30 9999.00 1 1 0
70.30 80.30 9999.00 0 0 0
75.30 76.55 81.30 0 0 1
84.30 90.30 94.30 1 0 1
67.30 68.55 9999.00 1 1 0
70.30 80.30 9999.00 0 0 0
75.30 76.55 81.30 1 0 1
84.30 90.30 94.30 1 1 1
67.30 68.55 73.30 1 1 1
70.30 80.30 9999.00 1 0 0
75.30 81.30 85.30 0 1 1
84.30 84.30 85.55 1 1 1
67.30 68.55 77.30 1 0 1
70.30 71.55 76.30 0 1 1
75.30 81.30 85.30 0 0 1
84.30 85.55 90.30 0 1 1
67.30 68.55 9999.00 0 1 0
70.30 71.55 76.30 0 1 1
75.30 85.30 9999.00 0 0 0
84.30 85.55 90.30 1 0 1
67.30 68.55 9999.00 1 0 0
70.30 70.30 71.55 0 0 1
75.30 76.55 81.30 0 0 1
84.30 85.55 90.30 1 1 1
67.30 77.30 9999.00 1 0 0
70.90 70.90 72.15 0 0 1
75.30 76.55 81.30 1 0 1
84.30 85.55 90.30 1 0 1
67.30 77.30 9999.00 1 0 0
70.90 70.90 72.15 1 0 1
75.30 81.30 85.30 1 0 1
84.30 85.55 90.30 1 0 1
67.30 68.55 73.30 0 1 1
70.90 70.90 72.15 1 0 1
75.30 76.55 81.30 1 1 1
84.30 94.30 9999.00 1 0 0
67.30 77.30 9999.00 1 0 0
70.90 70.90 72.15 0 1 1
75.30 76.55 81.30 1 0 1
84.30 85.55 90.30 0 0 1
67.30 77.30 9999.00 0 0 0
71.30 72.55 9999.00 1 0 0
75.30 85.30 9999.00 1 0 0
84.30 90.30 94.30 1 0 1
67.30 73.30 77.30 1 0 1
71.30 72.55 77.30 0 0 1
75.30 81.30 85.30 1 0 1
84.30 84.30 85.55 1 0 1
67.30 68.55 73.30 1 0 1
71.30 81.30 9999.00 1 0 0
75.90 75.90 77.15 0 1 1
84.30 90.30 94.30 0 0 1
67.30 68.55 73.30 0 0 1
71.30 72.55 81.30 0 0 1
75.90 75.90 77.15 0 0 1
84.30 85.55 90.30 1 0 1
67.30 77.30 9999.00 1 0 0
71.30 81.30 9999.00 1 0 0
76.30 86.30 9999.00 1 0 0
84.30 85.55 90.30 1 1 1
67.30 77.30 9999.00 0 0 0
71.30 77.30 81.30 0 0 1
76.30 77.55 82.30 0 0 1
84.30 85.55 90.30 0 0 1
67.30 73.30 77.30 0 0 1
71.30 77.30 81.30 1 0 1
76.30 77.55 9999.00 1 0 0
84.30 84.30 85.55 1 1 1
67.30 73.30 77.30 0 0 1
71.30 71.30 72.55 1 0 1
76.30 82.30 86.30 1 0 1
84.30 85.55 90.30 0 0 1
67.30 73.30 77.30 1 0 1
71.30 77.30 81.30 1 0 1
76.30 77.55 82.30 0 0 1
84.30 85.55 90.30 1 0 1
67.30 68.55 73.30 0 0 1
71.30 81.30 9999.00 0 0 0
76.30 82.30 86.30 1 1 1
84.30 90.30 94.30 0 0 1
67.30 77.30 9999.00 1 0 0
71.30 72.55 9999.00 1 0 0
76.30 77.55 82.30 0 1 1
84.30 85.55 90.30 1 1 1
67.30 73.30 77.30 1 0 1
71.30 81.30 9999.00 1 0 0
76.30 82.30 9999.00 0 0 0
84.30 84.30 85.55 0 0 1
67.30 77.30 9999.00 1 0 0
71.30 81.30 9999.00 1 1 0
76.30 77.55 82.30 1 0 1
84.30 85.55 90.30 0 0 1
67.30 73.30 9999.00 0 0 0
71.30 81.30 9999.00 1 0 0
76.30 82.30 86.30 1 0 1
84.30 94.30 9999.00 0 0 0
67.30 77.30 9999.00 0 0 0
71.30 72.55 9999.00 1 0 0
76.30 77.55 82.30 1 0 1
84.30 85.55 90.30 1 0 1
67.30 73.30 77.30 1 1 1
71.30 81.30 9999.00 1 0 0
76.30 86.30 9999.00 0 0 0
84.30 90.30 94.30 1 0 1
67.30 73.30 77.30 1 0 1
71.30 81.30 9999.00 1 0 0
76.30 77.55 82.30 1 0 1
84.90 84.90 86.15 1 0 1
67.30 68.55 73.30 1 0 1
71.30 77.30 81.30 0 0 1
76.30 77.55 82.30 1 0 1
84.90 84.90 86.15 0 0 1
67.30 73.30 77.30 0 0 1
71.30 81.30 9999.00 1 0 0
76.30 82.30 86.30 1 0 1
84.90 84.90 86.15 0 0 1
67.30 77.30 9999.00 1 1 0
71.30 81.30 9999.00 0 0 0
76.30 82.30 86.30 0 1 1
84.90 84.90 86.15 1 1 1
67.30 77.30 9999.00 1 0 0
71.30 81.30 9999.00 1 1 0
76.30 77.55 82.30 1 1 1
85.30 86.55 91.30 0 0 1
67.30 73.30 77.30 1 0 1
71.30 72.55 77.30 1 0 1
76.30 77.55 82.30 1 0 1
85.30 91.30 95.30 1 0 1
67.30 77.30 9999.00 1 1 0
71.30 81.30 9999.00 1 1 0
76.30 82.30 86.30 0 0 1
85.30 85.30 86.55 0 1 1
67.30 77.30 9999.00 1 0 0
71.30 81.30 9999.00 0 0 0
76.30 77.55 82.30 1 1 1
85.30 86.55 91.30 1 1 1
67.30 77.30 9999.00 1 0 0
71.30 81.30 9999.00 0 0 0
76.30 86.30 9999.00 1 0 0
85.30 86.55 91.30 1 0 1
67.30 77.30 9999.00 0 0 0
71.30 72.55 9999.00 1 0 0
76.30 86.30 9999.00 0 0 0
85.30 91.30 95.30 0 0 1
67.30 68.55 73.30 0 0 1
71.30 72.55 9999.00 1 1 0
76.30 86.30 9999.00 1 0 0
85.30 86.55 91.30 0 1 1
67.30 73.30 9999.00 0 0 0
71.30 81.30 9999.00 1 1 0
76.30 77.55 82.30 1 0 1
85.30 85.30 86.55 1 0 1
67.30 77.30 9999.00 1 1 0
71.30 72.55 77.30 1 0 1
76.30 82.30 86.30 1 1 1
85.30 85.30 86.55 1 1 1
67.30 68.55 73.30 0 0 1
71.30 81.30 9999.00 1 0 0
76.30 86.30 9999.00 1 0 0
85.30 86.55 91.30 0 0 1
67.30 68.55 73.30 1 0 1
71.30 77.30 81.30 0 0 1
76.30 77.55 82.30 0 1 1
85.30 91.30 95.30 0 0 1
67.30 77.30 9999.00 0 0 0
71.30 77.30 81.30 1 0 1
76.30 82.30 86.30 1 0 1
85.30 85.30 86.55 1 1 1
67.30 68.55 77.30 0 0 1
71.30 81.30 9999.00 0 1 0
76.30 77.55 82.30 0 1 1
85.30 86.55 91.30 0 0 1
67.30 77.30 9999.00 1 0 0
71.30 72.55 77.30 0 0 1
76.30 86.30 9999.00 0 0 0
85.30 85.30 86.55 1 0 1
67.30 68.55 9999.00 0 0 0
71.30 72.55 77.30 1 1 1
76.30 77.55 82.30 1 1 1
85.30 91.30 95.30 0 0 1
67.30 77.30 9999.00 1 0 0
71.30 72.55 77.30 1 1 1
76.30 77.55 86.30 0 1 1
85.90 85.90 87.15 1 0 1
67.30 73.30 77.30 1 0 1
71.30 77.30 81.30 1 1 1
76.30 82.30 86.30 1 0 1
86.30 87.55 92.30 1 0 1
67.30 68.55 73.30 0 0 1
71.30 81.30 9999.00 1 1 0
76.30 82.30 86.30 0 0 1
86.30 87.55 92.30 0 1 1
67.30 73.30 77.30 0 0 1
71.30 72.55 9999.00 1 0 0
76.30 77.55 82.30 0 0 1
86.30 86.30 87.55 1 1 1
67.30 68.55 9999.00 0 0 0
71.30 72.55 77.30 0 0 1
76.30 86.30 9999.00 0 1 0
86.30 87.55 9999.00 0 0 0
67.30 77.30 9999.00 1 1 0
71.30 72.55 77.30 0 1 1
76.30 82.30 9999.00 1 0 0
86.30 92.30 96.30 0 0 1
67.30 77.30 9999.00 1 0 0
71.30 72.55 77.30 1 0 1
76.30 77.55 82.30 1 0 1
86.30 86.30 87.55 1 0 1
67.30 73.30 77.30 1 0 1
71.30 72.55 77.30 0 0 1
76.30 77.55 82.30 0 0 1
86.30 87.55 92.30 0 0 1
67.30 77.30 9999.00 0 0 0
71.30 81.30 9999.00 0 0 0
76.30 77.55 82.30 1 0 1
86.30 87.55 92.30 0 0 1
67.30 73.30 77.30 1 0 1
71.30 81.30 9999.00 0 0 0
76.30 82.30 86.30 0 0 1
86.30 87.55 92.30 0 0 1
67.30 73.30 77.30 1 0 1
71.30 71.30 72.55 1 1 1
76.30 76.30 77.55 0 0 1
86.30 87.55 92.30 1 0 1
67.30 77.30 9999.00 1 0 0
71.30 72.55 77.30 1 0 1
76.30 82.30 86.30 0 0 1
86.30 87.55 92.30 1 0 1
67.30 68.55 73.30 0 0 1
71.30 77.30 9999.00 1 0 0
76.30 77.55 9999.00 1 1 0
86.30 86.30 87.55 1 0 1
67.30 73.30 77.30 1 0 1
71.30 81.30 9999.00 0 0 0
76.30 82.30 86.30 1 0 1
86.30 92.30 96.30 1 0 1
67.30 67.30 68.55 0 0 1
71.30 81.30 9999.00 0 0 0
76.30 77.55 82.30 1 0 1
86.30 87.55 92.30 1 0 1
67.30 68.55 9999.00 1 0 0
71.30 72.55 9999.00 1 0 0
76.30 86.30 9999.00 1 0 0
86.30 87.55 92.30 1 0 1
67.30 77.30 9999.00 0 1 0
71.30 72.55 77.30 1 0 1
76.30 76.30 77.55 1 0 1
86.90 86.90 88.15 0 0 1
67.30 73.30 77.30 0 0 1
71.30 72.55 9999.00 1 0 0
76.30 86.30 9999.00 0 0 0
86.90 86.90 88.15 1 0 1
67.30 77.30 9999.00 0 0 0
71.30 72.55 77.30 0 1 1
76.30 86.30 9999.00 0 0 0
86.90 86.90 88.15 1 0 1
67.30 77.30 9999.00 1 0 0
71.30 72.55 9999.00 1 1 0
76.30 82.30 86.30 0 0 1
87.30 88.55 93.30 1 0 1
67.30 68.55 9999.00 1 0 0
71.30 72.55 77.30 1 0 1
76.30 82.30 86.30 1 0 1
87.30 88.55 9999.00 1 0 0
67.30 77.30 9999.00 0 0 0
71.30 81.30 9999.00 1 1 0
76.30 82.30 86.30 1 0 1
87.30 88.55 93.30 1 1 1
67.30 73.30 77.30 1 0 1
71.30 72.55 77.30 0 0 1
76.30 82.30 9999.00 0 0 0
87.30 87.30 88.55 1 0 1
67.30 68.55 73.30 1 0 1
71.30 81.30 9999.00 1 0 0
76.30 77.55 82.30 1 0 1
87.30 87.30 88.55 1 1 1
67.30 73.30 77.30 1 0 1
71.30 77.30 81.30 1 0 1
76.30 77.55 82.30 0 1 1
87.30 88.55 93.30 0 0 1
67.30 73.30 77.30 0 0 1
71.30 81.30 9999.00 0 1 0
76.30 77.55 82.30 1 0 1
87.30 93.30 97.30 0 0 1
67.30 77.30 9999.00 0 0 0
71.30 81.30 9999.00 1 0 0
76.30 86.30 9999.00 0 1 0
87.30 88.55 93.30 0 0 1
67.30 68.55 77.30 0 0 1
71.30 81.30 9999.00 1 0 0
76.30 77.55 82.30 0 0 1
87.30 88.55 93.30 1 0 1
67.30 77.30 9999.00 0 0 0
71.30 77.30 81.30 1 0 1
76.90 76.90 78.15 0 0 1
87.30 88.55 93.30 1 1 1
67.30 73.30 77.30 0 0 1
71.30 81.30 9999.00 1 0 0
76.90 76.90 78.15 0 1 1
87.90 87.90 89.15 1 0 1
67.30 68.55 9999.00 0 0 0
71.30 81.30 9999.00 0 0 0
76.90 76.90 78.15 1 0 1
88.30 94.30 98.30 1 0 1
67.30 73.30 77.30 1 0 1
71.30 72.55 77.30 0 1 1
76.90 76.90 78.15 0 0 1
88.30 94.30 98.30 1 0 1
67.30 73.30 9999.00 1 0 0
71.30 81.30 9999.00 0 1 0
76.90 76.90 78.15 1 0 1
88.30 89.55 94.30 1 1 1
67.30 77.30 9999.00 0 0 0
71.30 72.55 77.30 1 0 1
77.30 87.30 9999.00 0 0 0
88.30 89.55 94.30 1 0 1
67.30 77.30 9999.00 1 0 0
71.30 81.30 9999.00 1 0 0
77.30 87.30 9999.00 0 0 0
88.90 88.90 90.15 0 0 1
67.30 73.30 77.30 1 0 1
71.30 81.30 9999.00 0 0 0
77.30 83.30 87.30 0 0 1
89.30 90.55 95.30 1 0 1
67.90 67.90 69.15 0 0 1
71.30 77.30 81.30 1 0 1
77.30 83.30 9999.00 0 0 0
89.30 90.55 95.30 0 1 1
67.90 67.90 69.15 0 1 1
71.90 71.90 73.15 1 0 1
77.30 83.30 87.30 0 0 1
89.90 89.90 91.15 1 0 1
67.90 67.90 69.15 0 1 1
71.90 71.90 73.15 1 0 1
77.30 78.55 83.30 1 0 1
89.90 89.90 91.15 0 0 1
67.90 67.90 69.15 0 0 1
71.90 71.90 73.15 0 0 1
77.30 83.30 87.30 0 0 1
90.30 96.30 100.30 1 0 1
67.90 67.90 69.15 1 0 1
72.30 82.30 9999.00 0 0 0
77.30 78.55 83.30 0 0 1
90.30 91.55 96.30 1 1 1
67.90 67.90 69.15 0 1 1
72.30 78.30 82.30 1 1 1
77.30 77.30 78.55 1 1 1
90.30 91.55 96.30 1 0 1
67.90 67.90 69.15 1 0 1
72.30 82.30 9999.00 1 0 0
77.30 83.30 87.30 1 0 1
90.30 90.30 91.55 1 1 1
67.90 67.90 69.15 1 1 1
72.30 82.30 9999.00 0 0 0
77.30 78.55 83.30 1 0 1
90.90 90.90 92.15 1 0 1
67.90 67.90 69.15 0 1 1
72.30 73.55 78.30 1 0 1
77.30 83.30 87.30 1 1 1
90.90 90.90 92.15 1 0 1
68.30 69.55 74.30 0 0 1
72.30 73.55 9999.00 0 1 0
77.30 78.55 83.30 1 0 1
90.90 90.90 92.15 0 0 1
68.30 78.30 9999.00 1 0 0
72.30 73.55 78.30 0 0 1
77.30 78.55 83.30 1 0 1
91.30 92.55 97.30 1 0 1
68.30 78.30 9999.00 1 0 0
72.30 82.30 9999.00 1 1 0
77.30 78.55 83.30 1 0 1
91.30 92.55 97.30 0 1 1
68.30 74.30 78.30 0 0 1
72.30 78.30 82.30 1 0 1
77.30 87.30 9999.00 1 0 0
91.30 91.30 92.55 1 0 1
68.30 74.30 9999.00 1 0 0
72.30 73.55 78.30 0 0 1
77.30 83.30 87.30 1 0 1
91.30 91.30 92.55 1 0 1
68.30 69.55 74.30 1 0 1
72.30 78.30 82.30 1 0 1
77.30 78.55 87.30 0 0 1
91.30 91.30 92.55 0 0 1
68.30 78.30 9999.00 0 0 0
72.30 82.30 9999.00 1 0 0
77.30 83.30 87.30 1 0 1
91.30 92.55 9999.00 1 0 0
68.30 74.30 78.30 1 0 1
72.30 82.30 9999.00 0 0 0
77.30 83.30 87.30 1 0 1
93.30 94.55 99.30 1 0 1
68.30 74.30 78.30 1 0 1
72.30 73.55 78.30 1 0 1
77.30 83.30 87.30 0 0 1
95.90 95.90 97.15 1 0 1
68.30 78.30 9999.00 1 0 0
72.30 73.55 78.30 1 0 1
77.30 78.55 9999.00 1 0 0
96.90 96.90 98.15 0 0 1
68.30 78.30 9999.00 0 1 0
72.30 73.55 78.30 1 0 1
77.30 83.30 87.30 1 0 1
97.30 98.55 103.30 1 0 1
68.30 78.30 9999.00 1 0 0
72.30 82.30 9999.00 0 0 0
77.30 83.30 87.30 1 0 1
68.30 74.30 78.30 0 0 1
72.30 78.30 82.30 1 1 1
77.30 78.55 83.30 1 0 1
